15
9 0
13
9
3
3
10
3
12
11
1
3
4 1
6
9
8
4
10
2 1
10
12
8
6 1
6
6
10
11
5
5
2
14 2
8
14
4
15
7
4
9
19
10
13
12
20
19
1
15
10 9
3
13
7
9
12
3
17
15
4
16
7
15 3
8
18
14
11
19
6
12
12
13
9
11
4
2
12
4
19
7 4
11
10
6
1
7
8
2
20
9 1
5
10
20
9
16
1
8
10
20
16
12 5
1
11
17
3
3
7
19
19
16
14
9
3
1
11 10
19
12
6
17
4
1
13
17
14
12
6
9
13 1
17
9
3
12
4
16
18
8
20
4
15
13
6
3
2 1
20
7
13
9 3
6
14
6
17
13
4
12
16
9
11
2 1
19
16
1
